0 0.215234 0.348611 0.080469 0.152778
0 0.282422 0.059028 0.092969 0.093056
0 0.185156 0.890972 0.057813 0.087500
0 0.223047 0.954167 0.049219 0.091667
0 0.828906 0.842361 0.070313 0.120833
0 0.766016 0.061806 0.161719 0.118056
0 0.980078 0.098611 0.038281 0.172222
0 0.491406 0.068750 0.059375 0.093056
0 0.461719 0.231250 0.051562 0.126389
0 0.161719 0.277778 0.103125 0.241667
0 0.076563 0.119444 0.051562 0.122222
0 0.805859 0.525000 0.127344 0.227778
0 0.815234 0.366667 0.067969 0.163889
0 0.666797 0.918750 0.124219 0.162500
0 0.430078 0.568056 0.063281 0.105556
