1 0.041016 0.504167 0.082031 0.991667
1 0.950391 0.499306 0.088281 0.984722
0 0.426172 0.904167 0.138281 0.191667
0 0.447266 0.745139 0.072656 0.126389
0 0.390234 0.709028 0.039844 0.095833
0 0.449609 0.588194 0.039844 0.054167
0 0.490234 0.575000 0.033594 0.052778
0 0.418359 0.379167 0.080469 0.133333
0 0.326172 0.295139 0.049219 0.090278
0 0.350000 0.404167 0.042188 0.102778
0 0.309766 0.395139 0.032031 0.059722
0 0.273828 0.424306 0.050781 0.143056
0 0.328516 0.715278 0.032031 0.136111
0 0.297266 0.833333 0.078906 0.130556
0 0.209766 0.855556 0.050781 0.086111
0 0.117969 0.340278 0.057813 0.158333
0 0.178125 0.950000 0.078125 0.100000
0 0.740234 0.353472 0.047656 0.104167
0 0.858594 0.133333 0.039063 0.261111
0 0.860937 0.415278 0.081250 0.297222
0 0.850391 0.892361 0.061719 0.215278
0 0.855469 0.636111 0.064062 0.130556
1 0.742969 0.858333 0.146875 0.283333
