0 0.911719 0.438889 0.048437 0.091667
0 0.930859 0.826389 0.042969 0.100000
0 0.178906 0.107639 0.220313 0.193056
0 0.161719 0.303472 0.084375 0.176389
0 0.262500 0.400694 0.132813 0.279167
0 0.353125 0.411111 0.048437 0.205556
0 0.432031 0.330556 0.053125 0.080556
0 0.371094 0.683333 0.059375 0.108333
0 0.251953 0.613889 0.053906 0.116667
0 0.229297 0.816667 0.024219 0.097222
0 0.125781 0.655556 0.084375 0.075000
0 0.065234 0.406944 0.046094 0.072222
0 0.642969 0.227083 0.021875 0.056944
0 0.441406 0.967361 0.028125 0.065278
