0 0.142969 0.221528 0.059375 0.131944
0 0.041406 0.125000 0.081250 0.250000
0 0.016797 0.409028 0.030469 0.098611
0 0.228125 0.111806 0.128125 0.193056
0 0.329297 0.269444 0.085156 0.250000
0 0.261328 0.468750 0.107031 0.268056
0 0.227734 0.738194 0.030469 0.098611
0 0.413281 0.319444 0.035937 0.061111
0 0.700781 0.107639 0.103125 0.201389
0 0.860937 0.664583 0.090625 0.137500
0 0.960938 0.767361 0.070313 0.190278
0 0.973437 0.265972 0.045313 0.181944
0 0.826953 0.887500 0.100781 0.119444
0 0.541406 0.915278 0.050000 0.086111
0 0.796094 0.548611 0.035937 0.080556
