1 0.035547 0.100000 0.071094 0.183333
1 0.062109 0.329167 0.122656 0.238889
1 0.032422 0.447222 0.063281 0.475000
1 0.039844 0.849306 0.071875 0.284722
1 0.107422 0.923611 0.082031 0.152778
1 0.120312 0.681944 0.064062 0.363889
1 0.197656 0.670833 0.073437 0.144444
1 0.147266 0.344444 0.047656 0.111111
1 0.130469 0.170139 0.045313 0.095833
1 0.932422 0.187500 0.049219 0.111111
1 0.865625 0.812500 0.078125 0.263889
1 0.205078 0.889583 0.041406 0.220833
1 0.201562 0.468750 0.078125 0.229167
1 0.185156 0.152083 0.068750 0.281944
0 0.797266 0.207639 0.067969 0.137500
0 0.867578 0.423611 0.072656 0.313889
1 0.794922 0.059028 0.064844 0.106944
1 0.031641 0.227083 0.057031 0.454167
