1 0.116406 0.503472 0.229687 0.993056
1 0.956641 0.499306 0.085156 0.981944
0 0.627344 0.869444 0.139062 0.261111
0 0.676562 0.113889 0.051562 0.066667
0 0.709766 0.214583 0.057031 0.126389
0 0.675000 0.615278 0.093750 0.119444
0 0.750000 0.645139 0.042188 0.129167
0 0.351172 0.168056 0.216406 0.291667
0 0.300781 0.666667 0.112500 0.661111
0 0.386719 0.678472 0.056250 0.556944
0 0.485547 0.654861 0.138281 0.245833
0 0.470703 0.852778 0.055469 0.152778
0 0.532031 0.870833 0.053125 0.155556
0 0.498828 0.470139 0.164844 0.140278
0 0.629297 0.506944 0.035156 0.058333
0 0.610937 0.311111 0.051562 0.102778
0 0.552344 0.336806 0.064062 0.087500
0 0.476563 0.146528 0.034375 0.131944
0 0.531641 0.172917 0.069531 0.181944
0 0.616016 0.151389 0.046094 0.172222
0 0.574609 0.045833 0.069531 0.075000
