0 0.149219 0.275000 0.070313 0.166667
0 0.165234 0.522917 0.080469 0.206944
0 0.254687 0.681250 0.057813 0.151389
0 0.167187 0.902778 0.079687 0.194444
0 0.450781 0.878472 0.082813 0.212500
0 0.364062 0.637500 0.045313 0.222222
0 0.406641 0.354861 0.178906 0.154167
0 0.438672 0.213889 0.067969 0.175000
0 0.477734 0.473611 0.072656 0.172222
0 0.541797 0.761111 0.077344 0.308333
0 0.637500 0.766667 0.089062 0.238889
0 0.671875 0.623611 0.123438 0.172222
0 0.676562 0.404167 0.126563 0.230556
0 0.806641 0.172222 0.096094 0.258333
0 0.673828 0.137500 0.050781 0.230556
