0 0.514844 0.334028 0.146875 0.240278
0 0.647266 0.210417 0.082031 0.409722
0 0.732422 0.153472 0.080469 0.295833
0 0.719922 0.440972 0.049219 0.234722
0 0.783594 0.561806 0.028125 0.095833
0 0.821484 0.581250 0.041406 0.081944
0 0.889063 0.638889 0.060938 0.116667
0 0.858203 0.866667 0.130469 0.266667
0 0.723047 0.725694 0.089844 0.301389
0 0.587891 0.822222 0.180469 0.344444
0 0.621094 0.531944 0.132813 0.247222
0 0.303516 0.309028 0.144531 0.543056
0 0.282813 0.679861 0.159375 0.181944
0 0.292188 0.889583 0.181250 0.220833
0 0.573438 0.070833 0.065625 0.125000
0 0.491016 0.149306 0.124219 0.115278
1 0.101172 0.493056 0.197656 0.983333
1 0.963672 0.505556 0.069531 0.988889
