0 0.916797 0.049306 0.094531 0.098611
0 0.069141 0.117361 0.050781 0.162500
0 0.068750 0.377778 0.046875 0.247222
0 0.049219 0.629167 0.045313 0.219444
0 0.044922 0.898611 0.055469 0.202778
0 0.852344 0.111111 0.057813 0.175000
0 0.762891 0.490972 0.046094 0.206944
0 0.786328 0.699306 0.055469 0.195833
0 0.807422 0.908333 0.050781 0.172222
0 0.700000 0.331944 0.053125 0.122222
0 0.753516 0.250000 0.039844 0.091667
1 0.144531 0.221528 0.089062 0.390278
1 0.230859 0.140278 0.078906 0.219444
1 0.179688 0.856250 0.184375 0.287500
1 0.021484 0.262500 0.042969 0.480556
1 0.985937 0.510417 0.026563 0.962500
1 0.905859 0.743056 0.121094 0.475000
