1 0.075000 0.504167 0.148438 0.991667
1 0.863672 0.501389 0.271094 0.986111
0 0.184766 0.084028 0.053906 0.165278
0 0.179688 0.290972 0.031250 0.190278
0 0.240234 0.604861 0.060156 0.101389
0 0.350391 0.523611 0.039844 0.150000
0 0.245312 0.097222 0.043750 0.119444
0 0.236719 0.381250 0.057813 0.376389
0 0.232422 0.731944 0.039844 0.116667
0 0.333594 0.920139 0.037500 0.137500
0 0.679688 0.151389 0.042188 0.219444
0 0.688672 0.413194 0.028906 0.256944
0 0.716016 0.590972 0.003906 0.031944
0 0.676172 0.932639 0.013281 0.065278
0 0.689844 0.843750 0.039063 0.270833
