0 0.065234 0.203472 0.083594 0.243056
0 0.225000 0.217361 0.218750 0.209722
0 0.280859 0.502083 0.132031 0.312500
0 0.296094 0.772222 0.107813 0.125000
0 0.099609 0.782639 0.075781 0.251389
0 0.132813 0.960417 0.092188 0.079167
0 0.457812 0.223611 0.092188 0.166667
0 0.636719 0.111111 0.056250 0.152778
0 0.808203 0.044444 0.096094 0.086111
0 0.560547 0.289583 0.086719 0.170833
0 0.915625 0.161806 0.073437 0.173611
0 0.623438 0.686111 0.085938 0.127778
0 0.411719 0.456250 0.056250 0.162500
0 0.482812 0.464583 0.065625 0.120833
0 0.384375 0.669444 0.056250 0.208333
0 0.437891 0.799306 0.074219 0.168056
0 0.494922 0.605556 0.047656 0.102778
0 0.436328 0.583333 0.075781 0.075000
