0 0.801953 0.067361 0.113281 0.131944
1 0.084766 0.222222 0.072656 0.272222
1 0.158203 0.234722 0.069531 0.316667
1 0.196875 0.838194 0.098438 0.304167
1 0.091406 0.446528 0.048437 0.106944
1 0.098047 0.709722 0.049219 0.183333
1 0.801172 0.265972 0.121094 0.290278
1 0.842969 0.565278 0.075000 0.319444
1 0.821094 0.815278 0.178125 0.286111
1 0.966406 0.119444 0.065625 0.141667
1 0.896094 0.188194 0.043750 0.134722
1 0.970312 0.570833 0.057813 0.436111
1 0.971094 0.892361 0.056250 0.198611
1 0.891406 0.565278 0.098438 0.197222
