0 0.273047 0.230556 0.128906 0.408333
0 0.273047 0.560417 0.078906 0.179167
0 0.441797 0.550694 0.219531 0.451389
0 0.607422 0.181944 0.169531 0.330556
0 0.730078 0.096528 0.071094 0.176389
0 0.614062 0.570139 0.125000 0.445833
0 0.275000 0.918750 0.143750 0.162500
0 0.464453 0.901389 0.241406 0.197222
0 0.832422 0.240278 0.192969 0.394444
0 0.904688 0.775000 0.050000 0.233333
0 0.905859 0.552778 0.039844 0.208333
1 0.098828 0.257639 0.194531 0.512500
1 0.099609 0.830556 0.196094 0.338889
1 0.067578 0.590972 0.135156 0.140278
