1 0.141016 0.515972 0.282031 0.968056
1 0.923828 0.495833 0.150781 0.944444
0 0.385547 0.121528 0.038281 0.204167
0 0.334766 0.147222 0.047656 0.191667
0 0.395312 0.459028 0.085938 0.204167
0 0.369141 0.717361 0.067969 0.223611
0 0.347266 0.934722 0.039844 0.130556
0 0.400781 0.947222 0.035937 0.105556
0 0.805859 0.037500 0.052344 0.069444
0 0.829687 0.205556 0.031250 0.169444
0 0.830859 0.671528 0.030469 0.231944
0 0.827734 0.904167 0.025781 0.152778
0 0.760547 0.319444 0.064844 0.150000
0 0.414844 0.280556 0.028125 0.086111
