0 0.673828 0.129167 0.032031 0.183333
0 0.650781 0.307639 0.051562 0.115278
0 0.696875 0.285417 0.029687 0.087500
0 0.708203 0.152083 0.025781 0.148611
0 0.662891 0.720833 0.047656 0.147222
0 0.675781 0.904167 0.051562 0.191667
0 0.198437 0.963889 0.096875 0.072222
0 0.170312 0.852083 0.039063 0.112500
0 0.225000 0.060417 0.037500 0.104167
1 0.292188 0.112500 0.218750 0.191667
1 0.071875 0.503472 0.139062 0.993056
1 0.254297 0.482639 0.222656 0.548611
1 0.727344 0.490972 0.157813 0.320833
1 0.904688 0.497222 0.189063 0.988889
1 0.754687 0.831944 0.104687 0.336111
1 0.764844 0.150694 0.085938 0.284722
