0 0.055859 0.177083 0.085156 0.187500
0 0.269531 0.570139 0.042188 0.265278
0 0.275781 0.800000 0.050000 0.125000
0 0.325391 0.826389 0.044531 0.119444
0 0.361328 0.062500 0.089844 0.100000
0 0.458203 0.266667 0.128906 0.427778
0 0.609375 0.598611 0.071875 0.175000
0 0.556641 0.547917 0.055469 0.093056
0 0.465625 0.559722 0.126563 0.116667
0 0.716797 0.079167 0.052344 0.130556
0 0.582031 0.211111 0.065625 0.200000
0 0.659766 0.240972 0.055469 0.115278
0 0.581641 0.423611 0.096094 0.166667
0 0.676172 0.405556 0.053906 0.102778
0 0.568359 0.846528 0.063281 0.115278
0 0.873438 0.936806 0.137500 0.126389
0 0.811328 0.502778 0.089844 0.144444
