1 0.070313 0.336806 0.140625 0.629167
1 0.092188 0.823611 0.184375 0.352778
1 0.191406 0.202083 0.090625 0.359722
1 0.951953 0.581944 0.094531 0.733333
1 0.942187 0.079861 0.096875 0.143056
1 0.819531 0.161806 0.139062 0.301389
0 0.873047 0.691667 0.050781 0.308333
0 0.842578 0.926389 0.075781 0.136111
0 0.251953 0.586111 0.119531 0.211111
0 0.234375 0.770139 0.070313 0.134722
0 0.305078 0.436111 0.071094 0.077778
0 0.358984 0.591667 0.085156 0.222222
0 0.354297 0.184722 0.066406 0.205556
0 0.288672 0.881944 0.063281 0.227778
