0 0.916797 0.095833 0.046094 0.111111
0 0.890234 0.234722 0.074219 0.141667
0 0.905859 0.500694 0.035156 0.090278
0 0.898438 0.691667 0.048437 0.158333
0 0.321094 0.110417 0.176563 0.184722
0 0.446094 0.099306 0.068750 0.134722
0 0.513672 0.056944 0.077344 0.091667
0 0.594531 0.086806 0.039063 0.045833
0 0.644141 0.182639 0.024219 0.087500
0 0.269141 0.303472 0.092969 0.095833
0 0.359766 0.283333 0.088281 0.136111
0 0.450391 0.347222 0.092969 0.172222
0 0.249219 0.450694 0.048437 0.193056
0 0.329297 0.440278 0.100781 0.133333
0 0.283594 0.634028 0.118750 0.162500
0 0.396484 0.626389 0.086719 0.236111
0 0.406641 0.468056 0.055469 0.069444
0 0.493750 0.659722 0.098438 0.186111
0 0.593359 0.684722 0.072656 0.125000
0 0.625781 0.555556 0.093750 0.075000
1 0.108984 0.381944 0.214844 0.741667
1 0.500781 0.882639 0.996875 0.234722
1 0.969922 0.380556 0.058594 0.750000
0 0.595703 0.396528 0.072656 0.156944
