1 0.041797 0.500694 0.083594 0.998611
1 0.107031 0.152778 0.046875 0.294444
1 0.946484 0.504167 0.105469 0.991667
0 0.433203 0.622222 0.153906 0.255556
0 0.622656 0.366667 0.189063 0.352778
0 0.585156 0.615278 0.109375 0.144444
0 0.657422 0.729861 0.052344 0.206944
0 0.633984 0.954861 0.072656 0.090278
0 0.850391 0.061111 0.072656 0.100000
0 0.542578 0.845139 0.153906 0.309722
0 0.206641 0.668056 0.158594 0.663889
0 0.109766 0.909722 0.035156 0.175000
0 0.203906 0.204861 0.117188 0.281944
0 0.101172 0.455556 0.032031 0.300000
0 0.507813 0.301389 0.065625 0.183333
0 0.415625 0.428472 0.109375 0.143056
0 0.516797 0.109722 0.046094 0.105556
0 0.503516 0.032639 0.052344 0.059722
0 0.824609 0.245833 0.049219 0.213889
0 0.846094 0.978472 0.068750 0.043056
0 0.813281 0.490278 0.034375 0.094444
0 0.813672 0.710417 0.049219 0.206944
0 0.751172 0.618750 0.055469 0.106944
0 0.702734 0.683333 0.033594 0.111111
0 0.722266 0.931250 0.039844 0.137500
0 0.769922 0.928472 0.039844 0.120833
