0 0.640234 0.793750 0.178906 0.404167
0 0.421875 0.959028 0.159375 0.081944
0 0.538281 0.360417 0.112500 0.145833
0 0.513672 0.164583 0.102344 0.318056
0 0.394531 0.289583 0.084375 0.206944
0 0.519141 0.709028 0.063281 0.218056
0 0.612500 0.204861 0.090625 0.293056
0 0.669922 0.073611 0.141406 0.094444
0 0.796875 0.236111 0.128125 0.322222
0 0.900000 0.321528 0.032812 0.106944
0 0.867188 0.503472 0.076563 0.176389
0 0.842578 0.786111 0.061719 0.325000
0 0.206250 0.840278 0.142188 0.319444
0 0.192188 0.545833 0.089062 0.241667
0 0.217578 0.219444 0.061719 0.413889
1 0.059766 0.497222 0.116406 0.972222
1 0.141406 0.153472 0.043750 0.281944
1 0.977344 0.505556 0.043750 0.988889
1 0.931641 0.687500 0.044531 0.625000
