1 0.526563 0.827083 0.051562 0.193056
1 0.591406 0.963889 0.079687 0.072222
1 0.276172 0.434722 0.100781 0.352778
1 0.360547 0.205556 0.171094 0.141667
1 0.393750 0.447917 0.129688 0.318056
1 0.533984 0.401389 0.144531 0.272222
1 0.489844 0.648611 0.132813 0.158333
1 0.106641 0.515278 0.213281 0.969444
1 0.960156 0.513194 0.078125 0.965278
1 0.827734 0.511111 0.174219 0.977778
1 0.675000 0.601389 0.121875 0.513889
1 0.710156 0.937500 0.056250 0.125000
0 0.404687 0.065972 0.035937 0.093056
0 0.264844 0.850694 0.090625 0.298611
