0 0.251953 0.604167 0.174219 0.288889
0 0.206250 0.918750 0.107813 0.162500
0 0.360938 0.883333 0.200000 0.233333
0 0.246484 0.159722 0.125781 0.236111
0 0.477344 0.104861 0.329688 0.173611
0 0.465234 0.279861 0.300781 0.187500
0 0.444922 0.512500 0.208594 0.252778
0 0.842969 0.772917 0.076563 0.287500
0 0.852734 0.429861 0.058594 0.084722
0 0.807031 0.044444 0.085938 0.077778
0 0.864453 0.129861 0.035156 0.109722
1 0.091797 0.036111 0.180469 0.066667
1 0.074609 0.595833 0.149219 0.808333
1 0.053906 0.136111 0.107813 0.108333
1 0.959766 0.500000 0.078906 0.988889
1 0.901953 0.156944 0.039844 0.277778
1 0.902344 0.511111 0.040625 0.222222
0 0.889844 0.956944 0.054688 0.086111
