1 0.845703 0.738889 0.163281 0.344444
1 0.845312 0.418056 0.126563 0.211111
1 0.881250 0.060417 0.178125 0.084722
1 0.984766 0.515278 0.028906 0.969444
1 0.926562 0.871528 0.079687 0.245833
1 0.937500 0.343056 0.067188 0.305556
1 0.100000 0.514583 0.198437 0.970833
1 0.251953 0.533333 0.158594 0.522222
0 0.446094 0.113194 0.070313 0.226389
0 0.465234 0.348611 0.039844 0.222222
0 0.417188 0.461111 0.050000 0.147222
0 0.438281 0.636111 0.062500 0.191667
0 0.434766 0.896528 0.103906 0.206944
0 0.357031 0.166667 0.045313 0.119444
