0 0.841797 0.934722 0.185156 0.130556
0 0.398438 0.041667 0.068750 0.083333
0 0.301172 0.139583 0.066406 0.256944
0 0.381250 0.215972 0.085938 0.176389
0 0.289844 0.409028 0.042188 0.251389
0 0.297266 0.653472 0.066406 0.215278
0 0.362891 0.845139 0.057031 0.179167
0 0.296094 0.887500 0.068750 0.197222
0 0.431250 0.785417 0.020312 0.051389
0 0.678516 0.089583 0.146094 0.176389
0 0.855078 0.187500 0.142969 0.350000
0 0.769141 0.190972 0.032031 0.104167
0 0.692187 0.263194 0.026563 0.073611
0 0.708594 0.361111 0.028125 0.052778
0 0.760547 0.421528 0.038281 0.198611
0 0.737500 0.450694 0.031250 0.079167
0 0.753516 0.676389 0.099219 0.322222
1 0.901953 0.502778 0.050781 0.097222
1 0.905469 0.737500 0.051562 0.130556
1 0.597266 0.831250 0.667969 0.318056
1 0.130078 0.502778 0.257031 0.988889
1 0.966406 0.501389 0.065625 0.975000
