0 0.044922 0.184722 0.075781 0.275000
0 0.037500 0.547917 0.068750 0.284722
0 0.106641 0.556944 0.067969 0.272222
0 0.189453 0.521528 0.149219 0.118056
0 0.237500 0.313194 0.092188 0.170833
0 0.386719 0.576389 0.092188 0.186111
0 0.510938 0.571528 0.089062 0.281944
0 0.609375 0.431250 0.067188 0.223611
0 0.673047 0.218750 0.030469 0.159722
0 0.770312 0.205556 0.096875 0.166667
0 0.837500 0.097222 0.051562 0.172222
0 0.904688 0.049306 0.060938 0.084722
0 0.897266 0.319444 0.078906 0.166667
0 0.355078 0.886806 0.085156 0.220833
0 0.436328 0.836111 0.064844 0.125000
0 0.452344 0.961111 0.065625 0.077778
0 0.205469 0.803472 0.154687 0.393056
0 0.875391 0.486111 0.050781 0.091667
