0 0.092969 0.434722 0.062500 0.155556
0 0.016406 0.318056 0.029687 0.169444
0 0.200391 0.128472 0.116406 0.254167
0 0.301172 0.058333 0.067969 0.105556
0 0.368359 0.060417 0.063281 0.104167
0 0.525391 0.095139 0.089844 0.137500
0 0.756641 0.110417 0.049219 0.162500
0 0.613672 0.159722 0.033594 0.083333
0 0.669531 0.269444 0.115625 0.188889
0 0.969141 0.435417 0.060156 0.204167
0 0.980859 0.113889 0.014844 0.075000
0 0.953516 0.891667 0.091406 0.216667
0 0.844531 0.851389 0.075000 0.172222
0 0.178516 0.333333 0.130469 0.161111
0 0.283203 0.471528 0.078906 0.248611
0 0.212109 0.610417 0.088281 0.123611
0 0.213672 0.736111 0.097656 0.108333
0 0.177344 0.940278 0.032812 0.119444
