0 0.770312 0.101389 0.109375 0.144444
0 0.238672 0.157639 0.096094 0.162500
0 0.037891 0.368750 0.075781 0.231944
0 0.116797 0.377083 0.067969 0.234722
0 0.191406 0.336111 0.134375 0.113889
0 0.206250 0.452778 0.076563 0.202778
0 0.198437 0.693750 0.151562 0.268056
0 0.213281 0.931944 0.112500 0.127778
0 0.376563 0.376389 0.084375 0.205556
0 0.494531 0.433333 0.095312 0.216667
0 0.583984 0.251389 0.064844 0.163889
0 0.858203 0.245833 0.091406 0.163889
0 0.431250 0.796528 0.070313 0.087500
0 0.348437 0.806250 0.131250 0.387500
0 0.804688 0.854167 0.048437 0.075000
0 0.729297 0.950000 0.046094 0.100000
