0 0.810938 0.853472 0.256250 0.293056
0 0.927734 0.579861 0.063281 0.134722
0 0.713281 0.534722 0.075000 0.263889
0 0.692969 0.281944 0.092188 0.155556
0 0.695313 0.109722 0.073437 0.172222
0 0.834375 0.311806 0.065625 0.123611
0 0.477344 0.752083 0.051562 0.226389
0 0.144141 0.447917 0.039844 0.143056
0 0.143359 0.912500 0.053906 0.169444
1 0.042578 0.515278 0.085156 0.969444
1 0.153125 0.102778 0.125000 0.177778
1 0.197656 0.662500 0.210938 0.197222
1 0.979688 0.175694 0.039063 0.329167
1 0.970312 0.877778 0.057813 0.244444
1 0.983984 0.676389 0.028906 0.111111
