0 0.265234 0.164583 0.035156 0.087500
0 0.745703 0.234722 0.108594 0.350000
0 0.685156 0.575000 0.151562 0.280556
0 0.664453 0.863889 0.141406 0.272222
0 0.712891 0.035417 0.078906 0.048611
1 0.099609 0.496528 0.197656 0.987500
1 0.231250 0.054167 0.064062 0.091667
1 0.280469 0.924306 0.159375 0.143056
1 0.242188 0.754861 0.084375 0.181944
1 0.569531 0.133333 0.062500 0.255556
1 0.642187 0.351389 0.093750 0.125000
1 0.383594 0.187500 0.082813 0.213889
1 0.475000 0.354861 0.107813 0.154167
1 0.555078 0.599306 0.100781 0.337500
1 0.902344 0.513194 0.193750 0.973611
1 0.773047 0.866667 0.063281 0.255556
