0 0.719531 0.302778 0.028125 0.258333
0 0.696484 0.510417 0.088281 0.181944
0 0.689453 0.684722 0.108594 0.166667
0 0.692578 0.893750 0.103906 0.212500
0 0.175391 0.370139 0.105469 0.265278
0 0.244922 0.577083 0.036719 0.112500
0 0.226953 0.799306 0.042969 0.109722
0 0.226172 0.961111 0.069531 0.077778
1 0.060156 0.498611 0.120312 0.994444
1 0.651563 0.083333 0.165625 0.150000
1 0.868359 0.208333 0.261719 0.402778
1 0.872266 0.593750 0.253906 0.365278
1 0.872656 0.888889 0.253125 0.211111
0 0.169141 0.118750 0.096094 0.215278
0 0.292578 0.740972 0.025781 0.054167
