1 0.082813 0.500694 0.160938 0.998611
1 0.193750 0.151389 0.059375 0.288889
1 0.970312 0.892361 0.057813 0.198611
1 0.973047 0.727778 0.052344 0.122222
1 0.978906 0.603472 0.040625 0.095833
1 0.985156 0.511806 0.028125 0.073611
0 0.569141 0.756250 0.107031 0.131944
0 0.817969 0.215972 0.081250 0.345833
0 0.388281 0.231944 0.107813 0.116667
0 0.410937 0.715278 0.085938 0.161111
0 0.294922 0.095833 0.088281 0.163889
0 0.235156 0.801389 0.070313 0.275000
0 0.248437 0.554167 0.043750 0.197222
0 0.533203 0.104861 0.078906 0.187500
0 0.664063 0.129167 0.176563 0.205556
0 0.558984 0.370833 0.082031 0.205556
0 0.494141 0.286111 0.063281 0.133333
0 0.558594 0.578472 0.126563 0.176389
0 0.653125 0.638194 0.057813 0.190278
0 0.692187 0.382639 0.143750 0.256944
0 0.822266 0.671528 0.096094 0.315278
0 0.901172 0.936806 0.071094 0.109722
0 0.930078 0.771528 0.030469 0.151389
