1 0.044141 0.503472 0.083594 0.993056
1 0.942578 0.497917 0.113281 0.993056
0 0.282813 0.581944 0.037500 0.105556
0 0.328516 0.423611 0.044531 0.097222
0 0.333203 0.525000 0.085156 0.094444
0 0.421875 0.493056 0.075000 0.125000
0 0.447656 0.859028 0.071875 0.112500
0 0.389062 0.813194 0.032812 0.090278
0 0.420312 0.967361 0.109375 0.065278
0 0.300781 0.956944 0.085938 0.086111
0 0.329297 0.828472 0.041406 0.131944
0 0.211328 0.960417 0.047656 0.079167
0 0.205859 0.793750 0.086719 0.173611
0 0.119531 0.477083 0.065625 0.126389
0 0.264062 0.227778 0.046875 0.063889
0 0.848828 0.906250 0.067969 0.187500
0 0.850781 0.111111 0.064062 0.208333
0 0.860156 0.347917 0.042188 0.240278
0 0.850000 0.634028 0.060938 0.309722
0 0.740234 0.492361 0.046094 0.084722
1 0.169531 0.197917 0.154687 0.368056
1 0.750781 0.894444 0.121875 0.211111
