0 0.081641 0.284722 0.075781 0.291667
0 0.027344 0.584722 0.050000 0.166667
0 0.077734 0.638889 0.078906 0.208333
0 0.141797 0.661806 0.074219 0.184722
0 0.223047 0.624306 0.164844 0.084722
0 0.276172 0.415972 0.082031 0.170833
0 0.426953 0.661806 0.096094 0.184722
0 0.237109 0.845139 0.150781 0.309722
0 0.383203 0.909028 0.072656 0.181944
0 0.466797 0.906944 0.061719 0.152778
0 0.548828 0.679861 0.088281 0.262500
0 0.639844 0.497222 0.078125 0.252778
0 0.866797 0.134722 0.057031 0.183333
0 0.937109 0.070833 0.072656 0.125000
0 0.805469 0.250694 0.092188 0.206944
0 0.921875 0.365278 0.073437 0.194444
0 0.908984 0.529861 0.047656 0.093056
0 0.841016 0.663889 0.057031 0.116667
