0 0.136328 0.125000 0.074219 0.130556
0 0.227344 0.067361 0.104687 0.095833
0 0.319922 0.191667 0.075781 0.233333
0 0.258203 0.381250 0.107031 0.287500
0 0.023047 0.326389 0.046094 0.105556
0 0.037891 0.086806 0.071094 0.148611
0 0.849219 0.583333 0.090625 0.177778
0 0.685547 0.091667 0.091406 0.172222
0 0.965625 0.211111 0.064062 0.155556
0 0.955859 0.709028 0.086719 0.184722
0 0.794141 0.886111 0.113281 0.227778
0 0.517578 0.848611 0.067969 0.130556
0 0.407031 0.229861 0.040625 0.051389
0 0.028906 0.952778 0.057813 0.094444
0 0.116406 0.968750 0.042188 0.062500
0 0.139062 0.874306 0.039063 0.081944
0 0.219141 0.666667 0.041406 0.202778
