1 0.213672 0.502778 0.003906 0.988889
1 0.952344 0.498611 0.093750 0.986111
0 0.267188 0.156944 0.085938 0.275000
0 0.253125 0.447222 0.056250 0.277778
0 0.253125 0.797222 0.053125 0.405556
0 0.366797 0.530556 0.044531 0.066667
0 0.379687 0.363889 0.029687 0.058333
0 0.856641 0.070139 0.042969 0.129167
0 0.855469 0.309722 0.051562 0.302778
0 0.821484 0.815972 0.030469 0.098611
0 0.667188 0.818750 0.001563 0.001389
0 0.666797 0.818750 0.002344 0.001389
0 0.719141 0.640278 0.007031 0.097222
0 0.636328 0.302083 0.016406 0.048611
0 0.825000 0.315278 0.003125 0.052778
0 0.679688 0.778472 0.020312 0.068056
