0 0.138672 0.198611 0.041406 0.161111
0 0.305859 0.389583 0.025781 0.076389
0 0.908594 0.233333 0.057813 0.172222
0 0.864453 0.041667 0.035156 0.083333
0 0.917969 0.078472 0.025000 0.051389
0 0.981250 0.038194 0.035937 0.062500
0 0.216797 0.797222 0.044531 0.086111
0 0.266016 0.806944 0.032031 0.091667
1 0.941797 0.911806 0.114844 0.176389
1 0.971094 0.509028 0.056250 0.609722
1 0.884375 0.579861 0.112500 0.476389
1 0.762500 0.638889 0.132813 0.563889
1 0.058594 0.503472 0.117188 0.984722
1 0.155469 0.836806 0.079687 0.326389
1 0.331250 0.825000 0.098438 0.338889
