0 0.082422 0.408333 0.091406 0.166667
0 0.191406 0.442361 0.075000 0.145833
0 0.228125 0.356944 0.059375 0.227778
0 0.301562 0.106944 0.059375 0.188889
0 0.613672 0.296528 0.067969 0.168056
0 0.552734 0.702778 0.116406 0.230556
0 0.693750 0.908333 0.100000 0.183333
0 0.765625 0.745139 0.118750 0.145833
0 0.839844 0.620833 0.062500 0.183333
0 0.880859 0.406944 0.060156 0.211111
0 0.869922 0.081944 0.057031 0.161111
0 0.913281 0.076389 0.040625 0.116667
0 0.987109 0.372917 0.024219 0.190278
0 0.828516 0.921528 0.060156 0.156944
