1 0.972656 0.495833 0.053125 0.988889
1 0.066016 0.502778 0.128906 0.994444
1 0.162500 0.450000 0.064062 0.894444
0 0.835938 0.550000 0.182812 0.466667
0 0.884375 0.216667 0.059375 0.133333
0 0.713672 0.096528 0.042969 0.168056
0 0.621094 0.104861 0.140625 0.181944
0 0.520312 0.038194 0.057813 0.051389
0 0.289063 0.394444 0.187500 0.766667
0 0.266797 0.906250 0.132031 0.187500
0 0.713672 0.343750 0.105469 0.295833
0 0.586719 0.345139 0.154687 0.240278
0 0.597656 0.616667 0.164063 0.291667
0 0.608203 0.881250 0.111719 0.237500
0 0.444922 0.823611 0.217969 0.352778
