0 0.026953 0.165972 0.046094 0.218056
0 0.110547 0.316667 0.067969 0.152778
0 0.174609 0.159722 0.086719 0.294444
0 0.241797 0.226389 0.042969 0.097222
0 0.296875 0.365972 0.096875 0.243056
0 0.223047 0.489583 0.089844 0.134722
0 0.233594 0.636806 0.095312 0.140278
0 0.191016 0.830556 0.039844 0.119444
0 0.680078 0.186806 0.107031 0.220833
0 0.763672 0.039583 0.057031 0.076389
0 0.630469 0.051389 0.026563 0.066667
0 0.539063 0.024306 0.082813 0.045833
0 0.858594 0.747222 0.090625 0.163889
0 0.958594 0.822222 0.078125 0.219444
0 0.972656 0.333333 0.050000 0.186111
0 0.810547 0.947222 0.091406 0.105556
0 0.550391 0.915972 0.036719 0.081944
