0 0.055078 0.130556 0.080469 0.236111
0 0.244922 0.245833 0.082031 0.155556
0 0.030469 0.479167 0.059375 0.252778
0 0.110937 0.471528 0.082813 0.212500
0 0.200391 0.451389 0.147656 0.091667
0 0.199609 0.582639 0.091406 0.215278
0 0.206250 0.823611 0.160938 0.252778
0 0.392578 0.479861 0.091406 0.184722
0 0.343359 0.822222 0.121094 0.355556
0 0.429688 0.734722 0.068750 0.116667
0 0.439453 0.883333 0.055469 0.119444
0 0.561719 0.940972 0.093750 0.118056
0 0.503516 0.504861 0.086719 0.215278
0 0.590625 0.350000 0.078125 0.225000
0 0.784375 0.131250 0.129688 0.234722
0 0.877344 0.288889 0.071875 0.175000
0 0.851563 0.444444 0.040625 0.080556
0 0.825781 0.919444 0.053125 0.083333
0 0.785937 0.556944 0.064062 0.119444
