0 0.719922 0.780556 0.064844 0.130556
0 0.687109 0.684028 0.058594 0.073611
0 0.727344 0.569444 0.092188 0.116667
0 0.718750 0.420833 0.100000 0.125000
0 0.623438 0.225000 0.085938 0.219444
0 0.713281 0.109028 0.145313 0.143056
0 0.723828 0.277083 0.057031 0.126389
0 0.462891 0.156250 0.233594 0.243056
0 0.448828 0.440972 0.155469 0.293056
0 0.598047 0.475694 0.142969 0.259722
0 0.525000 0.709028 0.057813 0.204167
0 0.521484 0.968750 0.135156 0.062500
0 0.614844 0.872917 0.045313 0.129167
0 0.300000 0.301389 0.134375 0.552778
0 0.344531 0.793750 0.225000 0.412500
1 0.227734 0.791667 0.008594 0.408333
1 0.957812 0.512500 0.082813 0.975000
1 0.040625 0.162500 0.076563 0.325000
