0 0.205859 0.077083 0.077344 0.151389
0 0.059375 0.292361 0.109375 0.237500
0 0.164063 0.236806 0.132813 0.134722
0 0.165234 0.388889 0.086719 0.144444
0 0.164844 0.606250 0.151562 0.298611
0 0.179688 0.850694 0.106250 0.126389
0 0.325391 0.874306 0.077344 0.212500
0 0.303516 0.739583 0.117969 0.259722
0 0.391016 0.691667 0.060156 0.100000
0 0.378125 0.545833 0.062500 0.111111
0 0.301562 0.527778 0.065625 0.191667
0 0.341016 0.281944 0.080469 0.197222
0 0.453125 0.341667 0.087500 0.161111
0 0.536328 0.169444 0.063281 0.172222
0 0.716797 0.060417 0.103906 0.120833
0 0.818359 0.179167 0.080469 0.175000
0 0.500000 0.761111 0.057813 0.094444
0 0.677734 0.870139 0.058594 0.162500
0 0.756641 0.774306 0.053906 0.120833
