1 0.063672 0.505556 0.125781 0.988889
1 0.148438 0.120139 0.039063 0.234722
1 0.958203 0.503472 0.082031 0.993056
0 0.200391 0.703472 0.083594 0.187500
0 0.181250 0.904167 0.084375 0.191667
0 0.211328 0.517361 0.097656 0.168056
0 0.249219 0.207639 0.121875 0.401389
0 0.336328 0.183333 0.038281 0.100000
0 0.483203 0.091667 0.086719 0.177778
0 0.415234 0.136111 0.035156 0.086111
0 0.592188 0.134722 0.065625 0.150000
0 0.620313 0.321528 0.056250 0.131944
0 0.611328 0.468056 0.071094 0.094444
0 0.525781 0.238194 0.026563 0.059722
0 0.517187 0.325000 0.053125 0.080556
0 0.493359 0.459028 0.082031 0.168056
0 0.608984 0.681250 0.125781 0.223611
0 0.496484 0.811111 0.099219 0.366667
0 0.592969 0.896528 0.100000 0.206944
0 0.404297 0.895833 0.077344 0.197222
0 0.872266 0.170833 0.071094 0.255556
0 0.714453 0.934028 0.058594 0.131944
1 0.770312 0.095139 0.125000 0.179167
