0 0.196094 0.142361 0.117188 0.226389
0 0.351172 0.134722 0.171094 0.208333
0 0.386719 0.429167 0.139062 0.330556
0 0.393750 0.700000 0.125000 0.105556
0 0.521484 0.639583 0.107031 0.331944
0 0.491406 0.959028 0.064062 0.081944
0 0.233984 0.785417 0.127344 0.409722
0 0.549219 0.140972 0.076563 0.179167
0 0.659766 0.206944 0.078906 0.150000
0 0.729297 0.050694 0.060156 0.098611
0 0.983984 0.176389 0.030469 0.191667
0 0.948047 0.675000 0.049219 0.094444
0 0.790234 0.961111 0.138281 0.077778
0 0.023438 0.326389 0.039063 0.166667
