0 0.025000 0.070833 0.043750 0.102778
0 0.282422 0.145833 0.113281 0.275000
0 0.242969 0.399306 0.042188 0.137500
0 0.035547 0.739583 0.063281 0.176389
0 0.135156 0.786806 0.071875 0.145833
0 0.492188 0.957639 0.093750 0.084722
0 0.301562 0.845833 0.045313 0.069444
0 0.563281 0.625000 0.076563 0.158333
0 0.607031 0.468750 0.032812 0.073611
0 0.875000 0.350694 0.090625 0.173611
0 0.978516 0.591667 0.041406 0.283333
0 0.866797 0.647222 0.103906 0.161111
0 0.811328 0.838194 0.083594 0.176389
0 0.733984 0.971528 0.103906 0.056944
