1 0.922656 0.500000 0.153125 1.000000
1 0.826172 0.500000 0.032031 0.983333
1 0.744531 0.950000 0.129688 0.100000
1 0.774219 0.521528 0.067188 0.273611
1 0.792188 0.785417 0.035937 0.256944
1 0.795703 0.195833 0.027344 0.322222
1 0.137891 0.504167 0.275781 0.991667
1 0.313281 0.074306 0.068750 0.120833
1 0.301172 0.463194 0.046094 0.287500
1 0.295703 0.966667 0.036719 0.066667
0 0.332031 0.190972 0.104687 0.101389
0 0.362891 0.331944 0.071094 0.186111
1 0.451562 0.584722 0.235938 0.250000
1 0.603125 0.532639 0.067188 0.201389
1 0.637891 0.318750 0.124219 0.212500
