0 0.133594 0.715278 0.079687 0.147222
0 0.071484 0.890972 0.138281 0.218056
0 0.496484 0.215278 0.122656 0.236111
0 0.266016 0.929861 0.080469 0.140278
0 0.388281 0.920139 0.079687 0.159722
0 0.483203 0.741667 0.064844 0.144444
0 0.626562 0.473611 0.084375 0.186111
0 0.686328 0.367361 0.075781 0.176389
0 0.757031 0.278472 0.059375 0.159722
0 0.779688 0.061111 0.051562 0.097222
0 0.887891 0.077083 0.064844 0.137500
0 0.966797 0.118750 0.064844 0.226389
0 0.905859 0.222917 0.119531 0.179167
0 0.740625 0.558333 0.068750 0.161111
