0 0.308984 0.948611 0.053906 0.102778
0 0.278516 0.826389 0.030469 0.122222
1 0.128125 0.490278 0.254687 0.980556
1 0.278125 0.111111 0.046875 0.194444
1 0.316797 0.306250 0.116406 0.181944
1 0.290625 0.512500 0.064062 0.219444
1 0.907812 0.505556 0.182812 0.977778
1 0.784375 0.868750 0.068750 0.254167
1 0.800391 0.623611 0.036719 0.230556
1 0.776563 0.393056 0.078125 0.219444
1 0.791797 0.149306 0.044531 0.281944
1 0.584375 0.892361 0.125000 0.209722
1 0.578906 0.713194 0.135937 0.131944
1 0.700000 0.709028 0.093750 0.206944
1 0.416406 0.650000 0.182812 0.208333
