1 0.710156 0.845833 0.146875 0.308333
1 0.375781 0.911111 0.143750 0.177778
1 0.257813 0.960417 0.087500 0.079167
1 0.106250 0.497222 0.209375 0.988889
1 0.303125 0.117361 0.181250 0.218056
1 0.364062 0.298611 0.120312 0.130556
1 0.893359 0.503472 0.211719 0.993056
0 0.725000 0.279861 0.065625 0.179167
0 0.744922 0.092361 0.077344 0.184722
0 0.277734 0.361111 0.046094 0.225000
0 0.271094 0.565278 0.050000 0.161111
0 0.326953 0.530556 0.024219 0.066667
0 0.288281 0.702778 0.081250 0.105556
0 0.271484 0.836806 0.053906 0.148611
