0 0.660937 0.193750 0.050000 0.315278
0 0.702344 0.201389 0.029687 0.230556
0 0.671094 0.800694 0.060938 0.337500
0 0.196094 0.960417 0.100000 0.073611
0 0.171094 0.851389 0.034375 0.116667
0 0.219531 0.068056 0.039063 0.111111
1 0.073828 0.500694 0.142969 0.998611
1 0.171484 0.385417 0.049219 0.754167
1 0.302734 0.124306 0.122656 0.212500
1 0.283203 0.510417 0.163281 0.534722
1 0.715234 0.466667 0.136719 0.255556
1 0.863281 0.179167 0.271875 0.311111
1 0.853516 0.819444 0.291406 0.361111
1 0.892187 0.486806 0.210938 0.268056
