0 0.064844 0.562500 0.068750 0.152778
0 0.141797 0.192361 0.111719 0.373611
0 0.291406 0.127778 0.173438 0.211111
0 0.502344 0.211806 0.092188 0.120833
0 0.477344 0.067361 0.045313 0.129167
0 0.740234 0.219444 0.050781 0.163889
0 0.592188 0.270139 0.032812 0.087500
0 0.656641 0.377778 0.108594 0.200000
0 0.960938 0.518056 0.073437 0.227778
0 0.944922 0.932639 0.108594 0.134722
0 0.832812 0.937500 0.085938 0.125000
0 0.262500 0.590278 0.101563 0.258333
0 0.155078 0.470139 0.125781 0.134722
0 0.190625 0.811111 0.104687 0.286111
