0 0.076563 0.065278 0.093750 0.127778
0 0.179688 0.068056 0.078125 0.119444
0 0.326562 0.126389 0.053125 0.058333
0 0.505469 0.327083 0.117188 0.223611
0 0.642187 0.595833 0.079687 0.177778
0 0.706250 0.452083 0.089062 0.168056
0 0.773438 0.358333 0.053125 0.125000
0 0.809766 0.104861 0.057031 0.176389
0 0.925000 0.104861 0.071875 0.156944
0 0.938672 0.292361 0.119531 0.179167
0 0.862109 0.231250 0.041406 0.204167
0 0.138281 0.850000 0.087500 0.144444
0 0.049609 0.955556 0.096094 0.088889
0 0.498047 0.874306 0.074219 0.162500
0 0.767969 0.642361 0.076563 0.165278
