0 0.255469 0.789583 0.084375 0.181944
0 0.221875 0.949306 0.084375 0.101389
0 0.535547 0.268750 0.103906 0.165278
0 0.571484 0.454861 0.061719 0.159722
0 0.568750 0.629167 0.042188 0.127778
0 0.659375 0.501389 0.039063 0.061111
0 0.713672 0.488194 0.028906 0.206944
0 0.703125 0.152083 0.039063 0.098611
0 0.585938 0.764583 0.034375 0.076389
0 0.583984 0.936111 0.035156 0.116667
1 0.089062 0.502778 0.173438 0.994444
1 0.232422 0.068750 0.108594 0.109722
1 0.255078 0.254861 0.155469 0.240278
1 0.675391 0.075694 0.071094 0.137500
1 0.580469 0.107639 0.114063 0.201389
1 0.667578 0.839583 0.121094 0.320833
1 0.815625 0.866667 0.167187 0.266667
1 0.949219 0.865972 0.095312 0.259722
1 0.950000 0.370833 0.095312 0.702778
1 0.817969 0.350000 0.167187 0.675000
1 0.708203 0.288889 0.036719 0.180556
