1 0.175781 0.142361 0.348437 0.281944
1 0.114453 0.471528 0.227344 0.368056
1 0.082813 0.752083 0.165625 0.190278
1 0.100781 0.929167 0.198437 0.141667
1 0.965625 0.500000 0.067188 0.994444
1 0.851172 0.112500 0.103906 0.225000
1 0.830469 0.449306 0.118750 0.276389
1 0.866797 0.928472 0.092969 0.143056
1 0.294531 0.934028 0.200000 0.131944
0 0.225000 0.760417 0.089062 0.206944
0 0.226953 0.604861 0.089844 0.129167
1 0.308984 0.527778 0.077344 0.669444
1 0.380469 0.378472 0.057813 0.406944
0 0.905078 0.394444 0.039844 0.202778
0 0.908203 0.781250 0.036719 0.237500
