1 0.944531 0.500694 0.109375 0.998611
1 0.096484 0.504167 0.192969 0.991667
0 0.801953 0.311806 0.146094 0.298611
0 0.611719 0.135417 0.148438 0.248611
0 0.650781 0.495139 0.185937 0.229167
0 0.697266 0.797222 0.044531 0.141667
0 0.733594 0.931250 0.060938 0.137500
0 0.658984 0.756944 0.025781 0.063889
0 0.602344 0.333333 0.139062 0.161111
0 0.472266 0.200694 0.119531 0.351389
0 0.360156 0.123611 0.104687 0.219444
0 0.344531 0.377778 0.079687 0.144444
0 0.314063 0.579167 0.081250 0.188889
0 0.247266 0.083333 0.083594 0.133333
0 0.229687 0.259028 0.050000 0.201389
0 0.242578 0.497917 0.075781 0.259722
0 0.231250 0.831944 0.059375 0.336111
0 0.821875 0.607639 0.131250 0.290278
