1 0.071484 0.500694 0.141406 0.998611
1 0.864453 0.500694 0.266406 0.998611
0 0.175391 0.081944 0.055469 0.147222
0 0.176172 0.336111 0.028906 0.300000
0 0.233203 0.608333 0.050781 0.108333
0 0.349219 0.518750 0.043750 0.123611
0 0.237500 0.761111 0.032812 0.152778
0 0.198828 0.894444 0.038281 0.172222
0 0.698047 0.888889 0.042969 0.188889
0 0.695313 0.669444 0.042188 0.166667
0 0.688281 0.476389 0.035937 0.130556
0 0.677344 0.081944 0.039063 0.094444
0 0.682422 0.227778 0.039844 0.108333
0 0.241016 0.435417 0.042969 0.220833
0 0.244531 0.072917 0.028125 0.087500
0 0.250781 0.238194 0.045313 0.137500
