1 0.093359 0.202778 0.072656 0.138889
1 0.091797 0.517361 0.067969 0.156944
1 0.080469 0.788194 0.079687 0.254167
1 0.158203 0.603472 0.058594 0.326389
1 0.985156 0.107639 0.028125 0.181944
1 0.955469 0.528472 0.078125 0.476389
1 0.983594 0.863194 0.031250 0.170833
1 0.953516 0.901389 0.044531 0.119444
1 0.896875 0.868750 0.054688 0.201389
0 0.777344 0.295833 0.050000 0.116667
0 0.810547 0.440278 0.091406 0.236111
0 0.795703 0.683333 0.135156 0.272222
0 0.150000 0.295139 0.032812 0.151389
0 0.148047 0.052778 0.032031 0.069444
