0 0.254687 0.793750 0.079687 0.168056
0 0.227344 0.952778 0.089062 0.094444
0 0.505859 0.238889 0.044531 0.111111
0 0.561328 0.276389 0.053906 0.125000
0 0.576172 0.454861 0.058594 0.170833
0 0.566797 0.644444 0.049219 0.116667
0 0.656250 0.518056 0.034375 0.075000
0 0.718359 0.497917 0.025781 0.154167
0 0.707031 0.159028 0.039063 0.120833
0 0.594531 0.771528 0.034375 0.118056
0 0.582031 0.936806 0.042188 0.126389
0 0.194141 0.835417 0.021094 0.101389
1 0.088281 0.504167 0.175000 0.991667
1 0.251953 0.202778 0.152344 0.388889
1 0.605078 0.105556 0.160156 0.194444
1 0.673437 0.834722 0.110937 0.330556
1 0.866406 0.500694 0.265625 0.998611
