1 0.078125 0.395139 0.156250 0.279167
1 0.062891 0.765972 0.119531 0.434722
1 0.182812 0.135417 0.096875 0.270833
1 0.211328 0.543750 0.138281 0.512500
1 0.816406 0.064583 0.162500 0.123611
1 0.866016 0.343750 0.071094 0.123611
1 0.864453 0.513889 0.082031 0.197222
1 0.880859 0.681250 0.061719 0.109722
1 0.885938 0.831944 0.050000 0.111111
1 0.898047 0.956944 0.038281 0.086111
0 0.791797 0.714583 0.136719 0.323611
0 0.956250 0.322917 0.084375 0.140278
0 0.985937 0.518056 0.026563 0.311111
0 0.946094 0.465278 0.042188 0.080556
0 0.929297 0.570139 0.050781 0.104167
