0 0.845312 0.082639 0.060938 0.148611
0 0.816406 0.286806 0.067188 0.145833
0 0.791797 0.465278 0.102344 0.161111
0 0.795703 0.645833 0.107031 0.158333
0 0.800781 0.874306 0.109375 0.251389
1 0.163281 0.514583 0.326562 0.954167
1 0.371094 0.093750 0.085938 0.159722
1 0.377734 0.381944 0.102344 0.275000
1 0.383594 0.685417 0.107813 0.298611
1 0.369531 0.938889 0.079687 0.122222
1 0.713281 0.129861 0.118750 0.234722
1 0.473047 0.120139 0.089844 0.187500
1 0.509375 0.413889 0.153125 0.213889
1 0.941016 0.515972 0.114844 0.959722
