0 0.085938 0.154167 0.082813 0.147222
0 0.200781 0.162500 0.096875 0.138889
0 0.214844 0.065278 0.050000 0.055556
0 0.589844 0.059722 0.051562 0.094444
0 0.526172 0.456944 0.113281 0.225000
0 0.657812 0.700694 0.087500 0.187500
0 0.729297 0.547917 0.089844 0.140278
0 0.801172 0.450000 0.057031 0.161111
0 0.833984 0.204167 0.058594 0.213889
0 0.881641 0.293750 0.042969 0.184722
0 0.957812 0.194444 0.081250 0.261111
0 0.949219 0.653472 0.075000 0.120833
0 0.800781 0.726389 0.087500 0.186111
0 0.146484 0.961806 0.085156 0.076389
0 0.516406 0.969444 0.068750 0.061111
