0 0.625781 0.060417 0.110937 0.115278
0 0.898828 0.124306 0.075781 0.156944
0 0.793359 0.289583 0.127344 0.262500
0 0.884766 0.430556 0.083594 0.133333
0 0.615625 0.545139 0.068750 0.129167
0 0.629687 0.670833 0.035937 0.169444
0 0.519922 0.768056 0.089844 0.225000
0 0.406250 0.766667 0.095312 0.186111
0 0.062109 0.384722 0.074219 0.269444
0 0.038281 0.701389 0.076563 0.311111
0 0.114844 0.740278 0.089062 0.227778
0 0.256641 0.521528 0.097656 0.168056
0 0.204688 0.668056 0.131250 0.161111
0 0.222656 0.861111 0.117188 0.277778
0 0.362109 0.954861 0.069531 0.090278
0 0.424219 0.967361 0.031250 0.065278
