1 0.063281 0.496528 0.126563 0.990278
1 0.958984 0.500694 0.080469 0.990278
1 0.875000 0.297222 0.082813 0.577778
1 0.754297 0.360417 0.153906 0.501389
0 0.857031 0.750000 0.079687 0.266667
0 0.468359 0.091667 0.071094 0.122222
0 0.413281 0.046528 0.035937 0.090278
0 0.581641 0.290972 0.036719 0.098611
0 0.642187 0.374306 0.043750 0.101389
0 0.611719 0.579861 0.059375 0.165278
0 0.572266 0.775000 0.067969 0.158333
0 0.602734 0.945833 0.077344 0.108333
0 0.498437 0.970833 0.056250 0.050000
0 0.457422 0.291667 0.141406 0.277778
0 0.370313 0.480556 0.143750 0.161111
0 0.322656 0.167361 0.082813 0.148611
0 0.239453 0.190278 0.039844 0.080556
0 0.231250 0.436806 0.139062 0.201389
0 0.207422 0.765972 0.092969 0.429167
0 0.427344 0.697917 0.071875 0.254167
0 0.300781 0.887500 0.042188 0.102778
0 0.376172 0.799306 0.024219 0.098611
