0 0.389844 0.737500 0.106250 0.136111
0 0.299219 0.573611 0.082813 0.238889
0 0.348047 0.082639 0.069531 0.137500
0 0.314844 0.325000 0.087500 0.241667
0 0.276953 0.885417 0.069531 0.229167
0 0.506250 0.748611 0.067188 0.136111
0 0.569922 0.861806 0.088281 0.248611
0 0.694141 0.868056 0.160156 0.241667
0 0.833984 0.650000 0.088281 0.380556
0 0.621875 0.090972 0.075000 0.179167
0 0.732031 0.072222 0.062500 0.108333
0 0.726563 0.303472 0.103125 0.176389
0 0.725781 0.472222 0.053125 0.136111
0 0.632813 0.370139 0.125000 0.218056
0 0.527344 0.525694 0.090625 0.251389
0 0.648047 0.588194 0.142969 0.193056
1 0.115234 0.500694 0.228906 0.998611
