1 0.753906 0.954167 0.071875 0.091667
1 0.660156 0.863889 0.109375 0.208333
1 0.542188 0.663889 0.129688 0.419444
1 0.416406 0.532639 0.131250 0.443056
1 0.062500 0.502778 0.125000 0.994444
1 0.156250 0.670833 0.060938 0.650000
1 0.210938 0.815278 0.046875 0.358333
1 0.896094 0.495833 0.206250 0.991667
1 0.770312 0.335417 0.035937 0.668056
1 0.732031 0.185417 0.034375 0.337500
0 0.306250 0.897222 0.112500 0.205556
0 0.292188 0.658333 0.114063 0.194444
0 0.280078 0.470139 0.141406 0.145833
0 0.261328 0.277778 0.171094 0.227778
0 0.201172 0.088889 0.133594 0.144444
0 0.761328 0.768056 0.041406 0.080556
1 0.616016 0.136806 0.191406 0.259722
