1 0.098828 0.504167 0.197656 0.983333
1 0.229297 0.106944 0.063281 0.191667
1 0.246875 0.397222 0.093750 0.380556
1 0.246094 0.800694 0.092188 0.398611
1 0.369922 0.664583 0.130469 0.248611
1 0.487109 0.600694 0.082031 0.093056
1 0.583203 0.700000 0.075781 0.327778
1 0.375391 0.101389 0.094531 0.200000
1 0.400391 0.354861 0.094531 0.259722
1 0.527344 0.380556 0.137500 0.113889
1 0.866016 0.495833 0.266406 0.991667
1 0.687109 0.827778 0.085156 0.172222
1 0.692969 0.337500 0.054688 0.141667
0 0.667578 0.576389 0.119531 0.333333
0 0.696484 0.161111 0.036719 0.155556
