0 0.304297 0.636111 0.116406 0.088889
0 0.340625 0.490278 0.248437 0.794444
0 0.682031 0.745139 0.189063 0.195833
0 0.864844 0.822222 0.090625 0.130556
1 0.100391 0.379861 0.194531 0.759722
1 0.080078 0.881250 0.152344 0.218056
1 0.550781 0.234722 0.012500 0.030556
0 0.194922 0.822222 0.057031 0.063889
1 0.369531 0.870139 0.021875 0.048611
1 0.537891 0.948611 0.753906 0.102778
1 0.957031 0.509722 0.084375 0.975000
1 0.896875 0.376389 0.040625 0.747222
1 0.830859 0.198611 0.086719 0.397222
1 0.296875 0.051389 0.170312 0.086111
