1 0.087500 0.495833 0.175000 0.988889
1 0.278125 0.296528 0.198437 0.581944
1 0.461719 0.214583 0.153125 0.370833
1 0.581641 0.427083 0.082031 0.187500
1 0.555469 0.617361 0.125000 0.193056
1 0.581250 0.815972 0.093750 0.190278
1 0.887109 0.502778 0.224219 0.988889
1 0.756250 0.688194 0.034375 0.623611
0 0.698438 0.162500 0.150000 0.311111
0 0.685938 0.420139 0.106250 0.195833
0 0.689844 0.619444 0.087500 0.175000
0 0.677344 0.865972 0.090625 0.268056
1 0.290234 0.858333 0.216406 0.283333
1 0.592188 0.077083 0.056250 0.101389
1 0.597656 0.216667 0.048437 0.141667
