0 0.635156 0.400694 0.095312 0.245833
0 0.823047 0.898611 0.138281 0.202778
0 0.604297 0.606250 0.103906 0.159722
0 0.637891 0.822917 0.139844 0.354167
0 0.735547 0.163194 0.042969 0.120833
0 0.662500 0.104167 0.110937 0.183333
0 0.712891 0.254861 0.077344 0.123611
0 0.535547 0.059028 0.078906 0.106944
0 0.361328 0.148611 0.246094 0.258333
0 0.514453 0.209028 0.061719 0.206944
0 0.568750 0.386806 0.040625 0.273611
0 0.325391 0.354861 0.183594 0.181944
0 0.460938 0.359722 0.056250 0.144444
0 0.520312 0.378472 0.050000 0.123611
0 0.303906 0.582639 0.151562 0.268056
0 0.408594 0.517361 0.054688 0.109722
0 0.409375 0.657639 0.043750 0.101389
0 0.495313 0.786111 0.109375 0.422222
0 0.305078 0.770833 0.158594 0.108333
0 0.414453 0.800694 0.055469 0.090278
0 0.387109 0.952778 0.113281 0.094444
0 0.249609 0.943056 0.060156 0.113889
0 0.305859 0.862500 0.160156 0.058333
1 0.221875 0.911806 0.007813 0.156944
1 0.954687 0.500000 0.089062 0.994444
1 0.877734 0.559028 0.060156 0.306944
1 0.878906 0.319444 0.060938 0.172222
1 0.882813 0.109722 0.042188 0.216667
